0.0568515
-0.0122345
0.0336583
0.00380985
0.00682861
-0.0821056
-0.0754281
-0.0063134
-0.173891
0.0458937
-0.143763
0.717408
-0.0636667
-0.0380146
0.0688353
-0.510337
-0.210859
0.00270008
0.0707287
0.296956
0.104728
0.160787
-0.0812193
-0.0216381
-0.17396
0.0924353
0.0347249
-0.187279
0.0775918
0.0912089
0.00614562
0.0457189
-0.2822
-0.0476729
-0.103621
-0.0427425
0.730209
-0.361716
-0.0305336
0.325438
-0.0206557
-0.262572
-0.00707351
0.28018
-0.280739
-0.0206556
-0.185661
0.08803
-0.0258544
0.0479167
0.0682393
0.00194523
-0.0364628
0.186042
0.0162074
-0.204627
0.135544
-0.113686
0.0618228
-0.127359
-0.0719629
-0.199051
0.255979
0.156262
-0.133168
-0.149948
0.00741463
0.111189
0.0252132
-0.317713
0.0632745
0.00860069
0.284402
0.0278299
0.282885
0.358782
0.0680061
-0.0162093
-0.0821757
-0.0836612
-0.185854
0.0300957
-0.0797174
-0.0811037
-0.00661461
-0.104505
-0.0518343
-0.0797422
-0.106706
0.0224537
-0.0847457
-0.0655366
-0.0270933
0.0488521
0.00872134
-0.0163588
0.0130066
0.0709201
0.129683
0.0964172
