0.0	0.0
0.0	0.010471975511965976
0.0	0.020943951023931952
0.0	0.031415926535897934
0.0	0.041887902047863905
0.0	0.05235987755982989
0.0	0.06283185307179587
0.0	0.07330382858376185
0.0	0.08377580409572781
0.0	0.0942477796076938
0.0	0.10471975511965978
0.0	0.13962634015954636
0.0	0.17453292519943295
0.0	0.20943951023931956
0.0	0.24434609527920614
0.0	0.2792526803190927
0.0	0.4537856055185257
0.0	0.6283185307179586
0.0	0.8028514559173916
0.0	0.9773843811168246
0.0	1.1519173063162575
0.0	1.3264502315156905
0.0	1.5009831567151235
0.0	1.6755160819145565
0.0	1.8500490071139892
0.0	2.0245819323134224
0.0	2.199114857512855
0.0	2.3736477827122884
0.0	2.548180707911721
0.0	2.722713633111154
0.0	2.897246558310587
0.0	3.07177948351002
0.0	3.141592653589793
0.0	3.2114058236695664
0.0	3.385938748868999
0.0	3.5604716740684323
0.0	3.5779249665883754
0.0	3.735004599267865
0.0	3.9095375244672983
0.0	4.084070449666731
0.0	4.258603374866164
0.0	4.4331363000655974
0.0	4.60766922526503
0.0	4.782202150464463
0.0	4.956735075663896
0.0	5.061454830783556
0.0	5.1312680008633285
0.0	5.305800926062762
0.0	5.480333851262195
0.0	5.654866776461628
0.0	5.82939970166106
0.0	6.003932626860494
0.0	6.03883921190038
0.0	6.073745796940266
0.0	6.1086523819801535
0.0	6.14355896702004
0.0	6.178465552059927
0.0	6.188937527571893
0.0	6.199409503083858
0.0	6.2098814785958245
0.0	6.22035345410779
0.0	6.230825429619756
0.0	6.241297405131723
0.0	6.2517693806436885
0.0	6.262241356155655
0.0	6.27271333166762
0.06981317007977318	0.0
0.06981317007977318	0.010471975511965976
0.06981317007977318	0.020943951023931952
0.06981317007977318	0.031415926535897934
0.06981317007977318	0.041887902047863905
0.06981317007977318	0.05235987755982989
0.06981317007977318	0.06283185307179587
0.06981317007977318	0.07330382858376185
0.06981317007977318	0.08377580409572781
0.06981317007977318	0.0942477796076938
0.06981317007977318	0.10471975511965978
0.06981317007977318	0.13962634015954636
0.06981317007977318	0.17453292519943295
0.06981317007977318	0.20943951023931956
0.06981317007977318	0.24434609527920614
0.06981317007977318	0.2792526803190927
0.06981317007977318	0.4537856055185257
0.06981317007977318	0.6283185307179586
0.06981317007977318	0.8028514559173916
0.06981317007977318	0.9773843811168246
0.06981317007977318	2.199114857512855
0.06981317007977318	2.3736477827122884
0.06981317007977318	2.548180707911721
0.06981317007977318	2.722713633111154
0.06981317007977318	2.897246558310587
0.06981317007977318	3.07177948351002
0.06981317007977318	3.141592653589793
0.06981317007977318	3.2114058236695664
0.06981317007977318	3.385938748868999
0.06981317007977318	3.5604716740684323
0.06981317007977318	3.5779249665883754
0.06981317007977318	3.735004599267865
0.06981317007977318	3.9095375244672983
0.06981317007977318	4.084070449666731
0.06981317007977318	4.782202150464463
0.06981317007977318	4.956735075663896
0.06981317007977318	5.061454830783556
0.06981317007977318	5.1312680008633285
0.06981317007977318	5.305800926062762
0.06981317007977318	5.480333851262195
0.06981317007977318	5.654866776461628
0.06981317007977318	5.82939970166106
0.06981317007977318	6.003932626860494
0.06981317007977318	6.03883921190038
0.06981317007977318	6.073745796940266
0.06981317007977318	6.1086523819801535
0.06981317007977318	6.14355896702004
0.06981317007977318	6.178465552059927
0.06981317007977318	6.188937527571893
0.06981317007977318	6.199409503083858
0.06981317007977318	6.2098814785958245
0.06981317007977318	6.22035345410779
0.06981317007977318	6.230825429619756
0.06981317007977318	6.241297405131723
0.06981317007977318	6.2517693806436885
0.06981317007977318	6.262241356155655
0.06981317007977318	6.27271333166762
0.24434609527920614	0.0
0.24434609527920614	0.010471975511965976
0.24434609527920614	0.020943951023931952
0.24434609527920614	0.031415926535897934
0.24434609527920614	0.041887902047863905
0.24434609527920614	0.05235987755982989
0.24434609527920614	0.06283185307179587
0.24434609527920614	0.07330382858376185
0.24434609527920614	0.08377580409572781
0.24434609527920614	0.0942477796076938
0.24434609527920614	0.10471975511965978
0.24434609527920614	0.13962634015954636
0.24434609527920614	0.17453292519943295
0.24434609527920614	0.20943951023931956
0.24434609527920614	0.24434609527920614
0.24434609527920614	0.2792526803190927
0.24434609527920614	0.4537856055185257
0.24434609527920614	0.6283185307179586
0.24434609527920614	0.8028514559173916
0.24434609527920614	0.9773843811168246
0.24434609527920614	1.1519173063162575
0.24434609527920614	2.199114857512855
0.24434609527920614	2.3736477827122884
0.24434609527920614	2.548180707911721
0.24434609527920614	2.722713633111154
0.24434609527920614	2.897246558310587
0.24434609527920614	3.07177948351002
0.24434609527920614	3.141592653589793
0.24434609527920614	3.2114058236695664
0.24434609527920614	3.385938748868999
0.24434609527920614	3.5604716740684323
0.24434609527920614	3.5779249665883754
0.24434609527920614	3.735004599267865
0.24434609527920614	3.9095375244672983
0.24434609527920614	4.084070449666731
0.24434609527920614	4.782202150464463
0.24434609527920614	4.956735075663896
0.24434609527920614	5.061454830783556
0.24434609527920614	5.1312680008633285
0.24434609527920614	5.305800926062762
0.24434609527920614	5.480333851262195
0.24434609527920614	5.654866776461628
0.24434609527920614	5.82939970166106
0.24434609527920614	6.003932626860494
0.24434609527920614	6.03883921190038
0.24434609527920614	6.073745796940266
0.24434609527920614	6.1086523819801535
0.24434609527920614	6.14355896702004
0.24434609527920614	6.178465552059927
0.24434609527920614	6.188937527571893
0.24434609527920614	6.199409503083858
0.24434609527920614	6.2098814785958245
0.24434609527920614	6.22035345410779
0.24434609527920614	6.230825429619756
0.24434609527920614	6.241297405131723
0.24434609527920614	6.2517693806436885
0.24434609527920614	6.262241356155655
0.24434609527920614	6.27271333166762
0.4188790204786391	0.0
0.4188790204786391	0.010471975511965976
0.4188790204786391	0.020943951023931952
0.4188790204786391	0.031415926535897934
0.4188790204786391	0.041887902047863905
0.4188790204786391	0.05235987755982989
0.4188790204786391	0.06283185307179587
0.4188790204786391	0.07330382858376185
0.4188790204786391	0.08377580409572781
0.4188790204786391	0.0942477796076938
0.4188790204786391	0.10471975511965978
0.4188790204786391	0.13962634015954636
0.4188790204786391	0.17453292519943295
0.4188790204786391	0.20943951023931956
0.4188790204786391	0.24434609527920614
0.4188790204786391	0.2792526803190927
0.4188790204786391	0.4537856055185257
0.4188790204786391	0.6283185307179586
0.4188790204786391	0.8028514559173916
0.4188790204786391	0.9773843811168246
0.4188790204786391	1.1519173063162575
0.4188790204786391	2.3736477827122884
0.4188790204786391	2.548180707911721
0.4188790204786391	2.722713633111154
0.4188790204786391	2.897246558310587
0.4188790204786391	3.07177948351002
0.4188790204786391	3.141592653589793
0.4188790204786391	3.2114058236695664
0.4188790204786391	3.385938748868999
0.4188790204786391	3.5604716740684323
0.4188790204786391	3.5779249665883754
0.4188790204786391	5.061454830783556
0.4188790204786391	5.1312680008633285
0.4188790204786391	5.305800926062762
0.4188790204786391	5.480333851262195
0.4188790204786391	5.654866776461628
0.4188790204786391	5.82939970166106
0.4188790204786391	6.003932626860494
0.4188790204786391	6.03883921190038
0.4188790204786391	6.073745796940266
0.4188790204786391	6.1086523819801535
0.4188790204786391	6.14355896702004
0.4188790204786391	6.178465552059927
0.4188790204786391	6.188937527571893
0.4188790204786391	6.199409503083858
0.4188790204786391	6.2098814785958245
0.4188790204786391	6.22035345410779
0.4188790204786391	6.230825429619756
0.4188790204786391	6.241297405131723
0.4188790204786391	6.2517693806436885
0.4188790204786391	6.262241356155655
0.4188790204786391	6.27271333166762
0.5934119456780721	0.0
0.5934119456780721	0.010471975511965976
0.5934119456780721	0.020943951023931952
0.5934119456780721	0.031415926535897934
0.5934119456780721	0.041887902047863905
0.5934119456780721	0.05235987755982989
0.5934119456780721	0.06283185307179587
0.5934119456780721	0.07330382858376185
0.5934119456780721	0.08377580409572781
0.5934119456780721	0.0942477796076938
0.5934119456780721	0.10471975511965978
0.5934119456780721	0.13962634015954636
0.5934119456780721	0.17453292519943295
0.5934119456780721	0.20943951023931956
0.5934119456780721	0.24434609527920614
0.5934119456780721	0.2792526803190927
0.5934119456780721	0.4537856055185257
0.5934119456780721	0.6283185307179586
0.5934119456780721	0.8028514559173916
0.5934119456780721	0.9773843811168246
0.5934119456780721	1.1519173063162575
0.5934119456780721	2.3736477827122884
0.5934119456780721	2.548180707911721
0.5934119456780721	2.722713633111154
0.5934119456780721	2.897246558310587
0.5934119456780721	3.07177948351002
0.5934119456780721	3.141592653589793
0.5934119456780721	3.2114058236695664
0.5934119456780721	3.385938748868999
0.5934119456780721	3.5604716740684323
0.5934119456780721	3.5779249665883754
0.5934119456780721	5.061454830783556
0.5934119456780721	5.1312680008633285
0.5934119456780721	5.305800926062762
0.5934119456780721	5.480333851262195
0.5934119456780721	5.654866776461628
0.5934119456780721	5.82939970166106
0.5934119456780721	6.003932626860494
0.5934119456780721	6.03883921190038
0.5934119456780721	6.073745796940266
0.5934119456780721	6.1086523819801535
0.5934119456780721	6.14355896702004
0.5934119456780721	6.178465552059927
0.5934119456780721	6.188937527571893
0.5934119456780721	6.199409503083858
0.5934119456780721	6.2098814785958245
0.5934119456780721	6.22035345410779
0.5934119456780721	6.230825429619756
0.5934119456780721	6.241297405131723
0.5934119456780721	6.2517693806436885
0.5934119456780721	6.262241356155655
0.5934119456780721	6.27271333166762
0.767944870877505	0.0
0.767944870877505	0.010471975511965976
0.767944870877505	0.020943951023931952
0.767944870877505	0.031415926535897934
0.767944870877505	0.041887902047863905
0.767944870877505	0.05235987755982989
0.767944870877505	0.06283185307179587
0.767944870877505	0.07330382858376185
0.767944870877505	0.08377580409572781
0.767944870877505	0.0942477796076938
0.767944870877505	0.10471975511965978
0.767944870877505	0.13962634015954636
0.767944870877505	0.17453292519943295
0.767944870877505	0.20943951023931956
0.767944870877505	0.24434609527920614
0.767944870877505	0.2792526803190927
0.767944870877505	0.4537856055185257
0.767944870877505	0.6283185307179586
0.767944870877505	0.8028514559173916
0.767944870877505	0.9773843811168246
0.767944870877505	1.1519173063162575
0.767944870877505	2.3736477827122884
0.767944870877505	2.548180707911721
0.767944870877505	2.722713633111154
0.767944870877505	2.897246558310587
0.767944870877505	3.07177948351002
0.767944870877505	3.141592653589793
0.767944870877505	3.2114058236695664
0.767944870877505	3.385938748868999
0.767944870877505	3.5604716740684323
0.767944870877505	3.5779249665883754
0.767944870877505	5.061454830783556
0.767944870877505	5.1312680008633285
0.767944870877505	5.305800926062762
0.767944870877505	5.480333851262195
0.767944870877505	5.654866776461628
0.767944870877505	5.82939970166106
0.767944870877505	6.003932626860494
0.767944870877505	6.03883921190038
0.767944870877505	6.073745796940266
0.767944870877505	6.1086523819801535
0.767944870877505	6.14355896702004
0.767944870877505	6.178465552059927
0.767944870877505	6.188937527571893
0.767944870877505	6.199409503083858
0.767944870877505	6.2098814785958245
0.767944870877505	6.22035345410779
0.767944870877505	6.230825429619756
0.767944870877505	6.241297405131723
0.767944870877505	6.2517693806436885
0.767944870877505	6.262241356155655
0.767944870877505	6.27271333166762
0.9424777960769379	0.0
0.9424777960769379	0.010471975511965976
0.9424777960769379	0.020943951023931952
0.9424777960769379	0.031415926535897934
0.9424777960769379	0.041887902047863905
0.9424777960769379	0.05235987755982989
0.9424777960769379	0.06283185307179587
0.9424777960769379	0.07330382858376185
0.9424777960769379	0.08377580409572781
0.9424777960769379	0.0942477796076938
0.9424777960769379	0.10471975511965978
0.9424777960769379	0.13962634015954636
0.9424777960769379	0.17453292519943295
0.9424777960769379	0.20943951023931956
0.9424777960769379	0.24434609527920614
0.9424777960769379	0.2792526803190927
0.9424777960769379	0.4537856055185257
0.9424777960769379	0.6283185307179586
0.9424777960769379	0.8028514559173916
0.9424777960769379	0.9773843811168246
0.9424777960769379	1.1519173063162575
0.9424777960769379	2.3736477827122884
0.9424777960769379	2.548180707911721
0.9424777960769379	2.722713633111154
0.9424777960769379	2.897246558310587
0.9424777960769379	3.07177948351002
0.9424777960769379	3.141592653589793
0.9424777960769379	3.2114058236695664
0.9424777960769379	3.385938748868999
0.9424777960769379	3.5604716740684323
0.9424777960769379	3.5779249665883754
0.9424777960769379	5.061454830783556
0.9424777960769379	5.1312680008633285
0.9424777960769379	5.305800926062762
0.9424777960769379	5.480333851262195
0.9424777960769379	5.654866776461628
0.9424777960769379	5.82939970166106
0.9424777960769379	6.003932626860494
0.9424777960769379	6.03883921190038
0.9424777960769379	6.073745796940266
0.9424777960769379	6.1086523819801535
0.9424777960769379	6.14355896702004
0.9424777960769379	6.178465552059927
0.9424777960769379	6.188937527571893
0.9424777960769379	6.199409503083858
0.9424777960769379	6.2098814785958245
0.9424777960769379	6.22035345410779
0.9424777960769379	6.230825429619756
0.9424777960769379	6.241297405131723
0.9424777960769379	6.2517693806436885
0.9424777960769379	6.262241356155655
0.9424777960769379	6.27271333166762
0.9773843811168246	0.0
0.9773843811168246	0.010471975511965976
0.9773843811168246	0.020943951023931952
0.9773843811168246	0.031415926535897934
0.9773843811168246	0.041887902047863905
0.9773843811168246	0.05235987755982989
0.9773843811168246	0.06283185307179587
0.9773843811168246	0.07330382858376185
0.9773843811168246	0.08377580409572781
0.9773843811168246	0.0942477796076938
0.9773843811168246	0.10471975511965978
0.9773843811168246	0.13962634015954636
0.9773843811168246	0.17453292519943295
0.9773843811168246	0.20943951023931956
0.9773843811168246	0.24434609527920614
0.9773843811168246	0.2792526803190927
0.9773843811168246	0.4537856055185257
0.9773843811168246	0.6283185307179586
0.9773843811168246	0.8028514559173916
0.9773843811168246	0.9773843811168246
0.9773843811168246	1.1519173063162575
0.9773843811168246	2.3736477827122884
0.9773843811168246	2.548180707911721
0.9773843811168246	2.722713633111154
0.9773843811168246	2.897246558310587
0.9773843811168246	3.07177948351002
0.9773843811168246	3.141592653589793
0.9773843811168246	3.2114058236695664
0.9773843811168246	3.385938748868999
0.9773843811168246	3.5604716740684323
0.9773843811168246	5.061454830783556
0.9773843811168246	5.1312680008633285
0.9773843811168246	5.305800926062762
0.9773843811168246	5.480333851262195
0.9773843811168246	5.654866776461628
0.9773843811168246	5.82939970166106
0.9773843811168246	6.003932626860494
0.9773843811168246	6.03883921190038
0.9773843811168246	6.073745796940266
0.9773843811168246	6.1086523819801535
0.9773843811168246	6.14355896702004
0.9773843811168246	6.178465552059927
0.9773843811168246	6.188937527571893
0.9773843811168246	6.199409503083858
0.9773843811168246	6.2098814785958245
0.9773843811168246	6.22035345410779
0.9773843811168246	6.230825429619756
0.9773843811168246	6.241297405131723
0.9773843811168246	6.2517693806436885
0.9773843811168246	6.262241356155655
0.9773843811168246	6.27271333166762
1.0122909661567112	0.0
1.0122909661567112	0.010471975511965976
1.0122909661567112	0.020943951023931952
1.0122909661567112	0.031415926535897934
1.0122909661567112	0.041887902047863905
1.0122909661567112	0.05235987755982989
1.0122909661567112	0.06283185307179587
1.0122909661567112	0.07330382858376185
1.0122909661567112	0.08377580409572781
1.0122909661567112	0.0942477796076938
1.0122909661567112	0.10471975511965978
1.0122909661567112	0.13962634015954636
1.0122909661567112	0.17453292519943295
1.0122909661567112	0.20943951023931956
1.0122909661567112	0.24434609527920614
1.0122909661567112	0.2792526803190927
1.0122909661567112	0.4537856055185257
1.0122909661567112	0.6283185307179586
1.0122909661567112	0.8028514559173916
1.0122909661567112	0.9773843811168246
1.0122909661567112	1.1519173063162575
1.0122909661567112	2.3736477827122884
1.0122909661567112	2.548180707911721
1.0122909661567112	2.722713633111154
1.0122909661567112	2.897246558310587
1.0122909661567112	3.07177948351002
1.0122909661567112	3.141592653589793
1.0122909661567112	3.2114058236695664
1.0122909661567112	3.385938748868999
1.0122909661567112	5.061454830783556
1.0122909661567112	5.1312680008633285
1.0122909661567112	5.305800926062762
1.0122909661567112	5.480333851262195
1.0122909661567112	5.654866776461628
1.0122909661567112	5.82939970166106
1.0122909661567112	6.003932626860494
1.0122909661567112	6.03883921190038
1.0122909661567112	6.073745796940266
1.0122909661567112	6.1086523819801535
1.0122909661567112	6.14355896702004
1.0122909661567112	6.178465552059927
1.0122909661567112	6.188937527571893
1.0122909661567112	6.199409503083858
1.0122909661567112	6.2098814785958245
1.0122909661567112	6.22035345410779
1.0122909661567112	6.230825429619756
1.0122909661567112	6.241297405131723
1.0122909661567112	6.2517693806436885
1.0122909661567112	6.262241356155655
1.0122909661567112	6.27271333166762
1.0471975511965976	0.0
1.0471975511965976	0.010471975511965976
1.0471975511965976	0.020943951023931952
1.0471975511965976	0.031415926535897934
1.0471975511965976	0.041887902047863905
1.0471975511965976	0.05235987755982989
1.0471975511965976	0.06283185307179587
1.0471975511965976	0.07330382858376185
1.0471975511965976	0.08377580409572781
1.0471975511965976	0.0942477796076938
1.0471975511965976	0.10471975511965978
1.0471975511965976	0.13962634015954636
1.0471975511965976	0.17453292519943295
1.0471975511965976	0.20943951023931956
1.0471975511965976	0.24434609527920614
1.0471975511965976	0.2792526803190927
1.0471975511965976	0.4537856055185257
1.0471975511965976	0.6283185307179586
1.0471975511965976	0.8028514559173916
1.0471975511965976	0.9773843811168246
1.0471975511965976	1.1519173063162575
1.0471975511965976	2.3736477827122884
1.0471975511965976	2.548180707911721
1.0471975511965976	2.722713633111154
1.0471975511965976	2.897246558310587
1.0471975511965976	3.07177948351002
1.0471975511965976	3.141592653589793
1.0471975511965976	3.2114058236695664
1.0471975511965976	3.385938748868999
1.0471975511965976	5.061454830783556
1.0471975511965976	5.1312680008633285
1.0471975511965976	5.305800926062762
1.0471975511965976	5.480333851262195
1.0471975511965976	5.654866776461628
1.0471975511965976	5.82939970166106
1.0471975511965976	6.003932626860494
1.0471975511965976	6.03883921190038
1.0471975511965976	6.073745796940266
1.0471975511965976	6.1086523819801535
1.0471975511965976	6.14355896702004
1.0471975511965976	6.178465552059927
1.0471975511965976	6.188937527571893
1.0471975511965976	6.199409503083858
1.0471975511965976	6.2098814785958245
1.0471975511965976	6.22035345410779
1.0471975511965976	6.230825429619756
1.0471975511965976	6.241297405131723
1.0471975511965976	6.2517693806436885
1.0471975511965976	6.262241356155655
1.0471975511965976	6.27271333166762
1.0821041362364843	0.0
1.0821041362364843	0.010471975511965976
1.0821041362364843	0.020943951023931952
1.0821041362364843	0.031415926535897934
1.0821041362364843	0.041887902047863905
1.0821041362364843	0.05235987755982989
1.0821041362364843	0.06283185307179587
1.0821041362364843	0.07330382858376185
1.0821041362364843	0.08377580409572781
1.0821041362364843	0.0942477796076938
1.0821041362364843	0.10471975511965978
1.0821041362364843	0.13962634015954636
1.0821041362364843	0.17453292519943295
1.0821041362364843	0.20943951023931956
1.0821041362364843	0.24434609527920614
1.0821041362364843	0.2792526803190927
1.0821041362364843	0.4537856055185257
1.0821041362364843	0.6283185307179586
1.0821041362364843	0.8028514559173916
1.0821041362364843	0.9773843811168246
1.0821041362364843	1.1519173063162575
1.0821041362364843	2.3736477827122884
1.0821041362364843	2.548180707911721
1.0821041362364843	2.722713633111154
1.0821041362364843	2.897246558310587
1.0821041362364843	3.07177948351002
1.0821041362364843	3.141592653589793
1.0821041362364843	3.2114058236695664
1.0821041362364843	3.385938748868999
1.0821041362364843	5.061454830783556
1.0821041362364843	5.1312680008633285
1.0821041362364843	5.305800926062762
1.0821041362364843	5.480333851262195
1.0821041362364843	5.654866776461628
1.0821041362364843	5.82939970166106
1.0821041362364843	6.003932626860494
1.0821041362364843	6.03883921190038
1.0821041362364843	6.073745796940266
1.0821041362364843	6.1086523819801535
1.0821041362364843	6.14355896702004
1.0821041362364843	6.178465552059927
1.0821041362364843	6.188937527571893
1.0821041362364843	6.199409503083858
1.0821041362364843	6.2098814785958245
1.0821041362364843	6.22035345410779
1.0821041362364843	6.230825429619756
1.0821041362364843	6.241297405131723
1.0821041362364843	6.2517693806436885
1.0821041362364843	6.262241356155655
1.0821041362364843	6.27271333166762
1.117010721276371	0.0
1.117010721276371	0.010471975511965976
1.117010721276371	0.020943951023931952
1.117010721276371	0.031415926535897934
1.117010721276371	0.041887902047863905
1.117010721276371	0.05235987755982989
1.117010721276371	0.06283185307179587
1.117010721276371	0.07330382858376185
1.117010721276371	0.08377580409572781
1.117010721276371	0.0942477796076938
1.117010721276371	0.10471975511965978
1.117010721276371	0.13962634015954636
1.117010721276371	0.17453292519943295
1.117010721276371	0.20943951023931956
1.117010721276371	0.24434609527920614
1.117010721276371	0.2792526803190927
1.117010721276371	0.4537856055185257
1.117010721276371	0.6283185307179586
1.117010721276371	0.8028514559173916
1.117010721276371	0.9773843811168246
1.117010721276371	1.1519173063162575
1.117010721276371	2.3736477827122884
1.117010721276371	2.548180707911721
1.117010721276371	2.722713633111154
1.117010721276371	2.897246558310587
1.117010721276371	3.07177948351002
1.117010721276371	3.141592653589793
1.117010721276371	3.2114058236695664
1.117010721276371	5.061454830783556
1.117010721276371	5.1312680008633285
1.117010721276371	5.305800926062762
1.117010721276371	5.480333851262195
1.117010721276371	5.654866776461628
1.117010721276371	5.82939970166106
1.117010721276371	6.003932626860494
1.117010721276371	6.03883921190038
1.117010721276371	6.073745796940266
1.117010721276371	6.1086523819801535
1.117010721276371	6.14355896702004
1.117010721276371	6.178465552059927
1.117010721276371	6.188937527571893
1.117010721276371	6.199409503083858
1.117010721276371	6.2098814785958245
1.117010721276371	6.22035345410779
1.117010721276371	6.230825429619756
1.117010721276371	6.241297405131723
1.117010721276371	6.2517693806436885
1.117010721276371	6.262241356155655
1.117010721276371	6.27271333166762
1.1274826967883367	0.0
1.1274826967883367	0.010471975511965976
1.1274826967883367	0.020943951023931952
1.1274826967883367	0.031415926535897934
1.1274826967883367	0.041887902047863905
1.1274826967883367	0.05235987755982989
1.1274826967883367	0.06283185307179587
1.1274826967883367	0.07330382858376185
1.1274826967883367	0.08377580409572781
1.1274826967883367	0.0942477796076938
1.1274826967883367	0.10471975511965978
1.1274826967883367	0.13962634015954636
1.1274826967883367	0.17453292519943295
1.1274826967883367	0.20943951023931956
1.1274826967883367	0.24434609527920614
1.1274826967883367	0.2792526803190927
1.1274826967883367	0.4537856055185257
1.1274826967883367	0.6283185307179586
1.1274826967883367	0.8028514559173916
1.1274826967883367	0.9773843811168246
1.1274826967883367	1.1519173063162575
1.1274826967883367	2.3736477827122884
1.1274826967883367	2.548180707911721
1.1274826967883367	2.722713633111154
1.1274826967883367	2.897246558310587
1.1274826967883367	3.07177948351002
1.1274826967883367	3.141592653589793
1.1274826967883367	3.2114058236695664
1.1274826967883367	5.061454830783556
1.1274826967883367	5.1312680008633285
1.1274826967883367	5.305800926062762
1.1274826967883367	5.480333851262195
1.1274826967883367	5.654866776461628
1.1274826967883367	5.82939970166106
1.1274826967883367	6.003932626860494
1.1274826967883367	6.03883921190038
1.1274826967883367	6.073745796940266
1.1274826967883367	6.1086523819801535
1.1274826967883367	6.14355896702004
1.1274826967883367	6.178465552059927
1.1274826967883367	6.188937527571893
1.1274826967883367	6.199409503083858
1.1274826967883367	6.2098814785958245
1.1274826967883367	6.22035345410779
1.1274826967883367	6.230825429619756
1.1274826967883367	6.241297405131723
1.1274826967883367	6.2517693806436885
1.1274826967883367	6.262241356155655
1.1274826967883367	6.27271333166762
1.137954672300303	0.0
1.137954672300303	0.010471975511965976
1.137954672300303	0.020943951023931952
1.137954672300303	0.031415926535897934
1.137954672300303	0.041887902047863905
1.137954672300303	0.05235987755982989
1.137954672300303	0.06283185307179587
1.137954672300303	0.07330382858376185
1.137954672300303	0.08377580409572781
1.137954672300303	0.0942477796076938
1.137954672300303	0.10471975511965978
1.137954672300303	0.13962634015954636
1.137954672300303	0.17453292519943295
1.137954672300303	0.20943951023931956
1.137954672300303	0.24434609527920614
1.137954672300303	0.2792526803190927
1.137954672300303	0.4537856055185257
1.137954672300303	0.6283185307179586
1.137954672300303	0.8028514559173916
1.137954672300303	0.9773843811168246
1.137954672300303	1.1519173063162575
1.137954672300303	2.3736477827122884
1.137954672300303	2.548180707911721
1.137954672300303	2.722713633111154
1.137954672300303	2.897246558310587
1.137954672300303	3.07177948351002
1.137954672300303	3.141592653589793
1.137954672300303	3.2114058236695664
1.137954672300303	5.061454830783556
1.137954672300303	5.1312680008633285
1.137954672300303	5.305800926062762
1.137954672300303	5.480333851262195
1.137954672300303	5.654866776461628
1.137954672300303	5.82939970166106
1.137954672300303	6.003932626860494
1.137954672300303	6.03883921190038
1.137954672300303	6.073745796940266
1.137954672300303	6.1086523819801535
1.137954672300303	6.14355896702004
1.137954672300303	6.178465552059927
1.137954672300303	6.188937527571893
1.137954672300303	6.199409503083858
1.137954672300303	6.2098814785958245
1.137954672300303	6.22035345410779
1.137954672300303	6.230825429619756
1.137954672300303	6.241297405131723
1.137954672300303	6.2517693806436885
1.137954672300303	6.262241356155655
1.137954672300303	6.27271333166762
1.1484266478122689	0.0
1.1484266478122689	0.010471975511965976
1.1484266478122689	0.020943951023931952
1.1484266478122689	0.031415926535897934
1.1484266478122689	0.041887902047863905
1.1484266478122689	0.05235987755982989
1.1484266478122689	0.06283185307179587
1.1484266478122689	0.07330382858376185
1.1484266478122689	0.08377580409572781
1.1484266478122689	0.0942477796076938
1.1484266478122689	0.10471975511965978
1.1484266478122689	0.13962634015954636
1.1484266478122689	0.17453292519943295
1.1484266478122689	0.20943951023931956
1.1484266478122689	0.24434609527920614
1.1484266478122689	0.2792526803190927
1.1484266478122689	0.4537856055185257
1.1484266478122689	0.6283185307179586
1.1484266478122689	0.8028514559173916
1.1484266478122689	0.9773843811168246
1.1484266478122689	1.1519173063162575
1.1484266478122689	2.3736477827122884
1.1484266478122689	2.548180707911721
1.1484266478122689	2.722713633111154
1.1484266478122689	2.897246558310587
1.1484266478122689	3.07177948351002
1.1484266478122689	3.141592653589793
1.1484266478122689	3.2114058236695664
1.1484266478122689	5.061454830783556
1.1484266478122689	5.1312680008633285
1.1484266478122689	5.305800926062762
1.1484266478122689	5.480333851262195
1.1484266478122689	5.654866776461628
1.1484266478122689	5.82939970166106
1.1484266478122689	6.003932626860494
1.1484266478122689	6.03883921190038
1.1484266478122689	6.073745796940266
1.1484266478122689	6.1086523819801535
1.1484266478122689	6.14355896702004
1.1484266478122689	6.178465552059927
1.1484266478122689	6.188937527571893
1.1484266478122689	6.199409503083858
1.1484266478122689	6.2098814785958245
1.1484266478122689	6.22035345410779
1.1484266478122689	6.230825429619756
1.1484266478122689	6.241297405131723
1.1484266478122689	6.2517693806436885
1.1484266478122689	6.262241356155655
1.1484266478122689	6.27271333166762
1.1588986233242349	0.0
1.1588986233242349	0.010471975511965976
1.1588986233242349	0.020943951023931952
1.1588986233242349	0.031415926535897934
1.1588986233242349	0.041887902047863905
1.1588986233242349	0.05235987755982989
1.1588986233242349	0.06283185307179587
1.1588986233242349	0.07330382858376185
1.1588986233242349	0.08377580409572781
1.1588986233242349	0.0942477796076938
1.1588986233242349	0.10471975511965978
1.1588986233242349	0.13962634015954636
1.1588986233242349	0.17453292519943295
1.1588986233242349	0.20943951023931956
1.1588986233242349	0.24434609527920614
1.1588986233242349	0.2792526803190927
1.1588986233242349	0.4537856055185257
1.1588986233242349	0.6283185307179586
1.1588986233242349	0.8028514559173916
1.1588986233242349	0.9773843811168246
1.1588986233242349	1.1519173063162575
1.1588986233242349	2.3736477827122884
1.1588986233242349	2.548180707911721
1.1588986233242349	2.722713633111154
1.1588986233242349	2.897246558310587
1.1588986233242349	3.07177948351002
1.1588986233242349	3.141592653589793
1.1588986233242349	3.2114058236695664
1.1588986233242349	5.061454830783556
1.1588986233242349	5.1312680008633285
1.1588986233242349	5.305800926062762
1.1588986233242349	5.480333851262195
1.1588986233242349	5.654866776461628
1.1588986233242349	5.82939970166106
1.1588986233242349	6.003932626860494
1.1588986233242349	6.03883921190038
1.1588986233242349	6.073745796940266
1.1588986233242349	6.1086523819801535
1.1588986233242349	6.14355896702004
1.1588986233242349	6.178465552059927
1.1588986233242349	6.188937527571893
1.1588986233242349	6.199409503083858
1.1588986233242349	6.2098814785958245
1.1588986233242349	6.22035345410779
1.1588986233242349	6.230825429619756
1.1588986233242349	6.241297405131723
1.1588986233242349	6.2517693806436885
1.1588986233242349	6.262241356155655
1.1588986233242349	6.27271333166762
1.1693705988362009	0.0
1.1693705988362009	0.010471975511965976
1.1693705988362009	0.020943951023931952
1.1693705988362009	0.031415926535897934
1.1693705988362009	0.041887902047863905
1.1693705988362009	0.05235987755982989
1.1693705988362009	0.06283185307179587
1.1693705988362009	0.07330382858376185
1.1693705988362009	0.08377580409572781
1.1693705988362009	0.0942477796076938
1.1693705988362009	0.10471975511965978
1.1693705988362009	0.13962634015954636
1.1693705988362009	0.17453292519943295
1.1693705988362009	0.20943951023931956
1.1693705988362009	0.24434609527920614
1.1693705988362009	0.2792526803190927
1.1693705988362009	0.4537856055185257
1.1693705988362009	0.6283185307179586
1.1693705988362009	0.8028514559173916
1.1693705988362009	0.9773843811168246
1.1693705988362009	1.1519173063162575
1.1693705988362009	2.3736477827122884
1.1693705988362009	2.548180707911721
1.1693705988362009	2.722713633111154
1.1693705988362009	2.897246558310587
1.1693705988362009	3.07177948351002
1.1693705988362009	3.141592653589793
1.1693705988362009	3.2114058236695664
1.1693705988362009	5.061454830783556
1.1693705988362009	5.1312680008633285
1.1693705988362009	5.305800926062762
1.1693705988362009	5.480333851262195
1.1693705988362009	5.654866776461628
1.1693705988362009	5.82939970166106
1.1693705988362009	6.003932626860494
1.1693705988362009	6.03883921190038
1.1693705988362009	6.073745796940266
1.1693705988362009	6.1086523819801535
1.1693705988362009	6.14355896702004
1.1693705988362009	6.178465552059927
1.1693705988362009	6.188937527571893
1.1693705988362009	6.199409503083858
1.1693705988362009	6.2098814785958245
1.1693705988362009	6.22035345410779
1.1693705988362009	6.230825429619756
1.1693705988362009	6.241297405131723
1.1693705988362009	6.2517693806436885
1.1693705988362009	6.262241356155655
1.1693705988362009	6.27271333166762
1.1798425743481666	0.0
1.1798425743481666	0.010471975511965976
1.1798425743481666	0.020943951023931952
1.1798425743481666	0.031415926535897934
1.1798425743481666	0.041887902047863905
1.1798425743481666	0.05235987755982989
1.1798425743481666	0.06283185307179587
1.1798425743481666	0.07330382858376185
1.1798425743481666	0.08377580409572781
1.1798425743481666	0.0942477796076938
1.1798425743481666	0.10471975511965978
1.1798425743481666	0.13962634015954636
1.1798425743481666	0.17453292519943295
1.1798425743481666	0.20943951023931956
1.1798425743481666	0.24434609527920614
1.1798425743481666	0.2792526803190927
1.1798425743481666	0.4537856055185257
1.1798425743481666	0.6283185307179586
1.1798425743481666	0.8028514559173916
1.1798425743481666	0.9773843811168246
1.1798425743481666	1.1519173063162575
1.1798425743481666	2.3736477827122884
1.1798425743481666	2.548180707911721
1.1798425743481666	2.722713633111154
1.1798425743481666	2.897246558310587
1.1798425743481666	5.061454830783556
1.1798425743481666	5.1312680008633285
1.1798425743481666	5.305800926062762
1.1798425743481666	5.480333851262195
1.1798425743481666	5.654866776461628
1.1798425743481666	5.82939970166106
1.1798425743481666	6.003932626860494
1.1798425743481666	6.03883921190038
1.1798425743481666	6.073745796940266
1.1798425743481666	6.1086523819801535
1.1798425743481666	6.14355896702004
1.1798425743481666	6.178465552059927
1.1798425743481666	6.188937527571893
1.1798425743481666	6.199409503083858
1.1798425743481666	6.2098814785958245
1.1798425743481666	6.22035345410779
1.1798425743481666	6.230825429619756
1.1798425743481666	6.241297405131723
1.1798425743481666	6.2517693806436885
1.1798425743481666	6.262241356155655
1.1798425743481666	6.27271333166762
1.1903145498601329	0.0
1.1903145498601329	0.010471975511965976
1.1903145498601329	0.020943951023931952
1.1903145498601329	0.031415926535897934
1.1903145498601329	0.041887902047863905
1.1903145498601329	0.05235987755982989
1.1903145498601329	0.06283185307179587
1.1903145498601329	0.07330382858376185
1.1903145498601329	0.08377580409572781
1.1903145498601329	0.0942477796076938
1.1903145498601329	0.10471975511965978
1.1903145498601329	0.13962634015954636
1.1903145498601329	0.17453292519943295
1.1903145498601329	0.20943951023931956
1.1903145498601329	0.24434609527920614
1.1903145498601329	0.2792526803190927
1.1903145498601329	0.4537856055185257
1.1903145498601329	0.6283185307179586
1.1903145498601329	0.8028514559173916
1.1903145498601329	0.9773843811168246
1.1903145498601329	1.1519173063162575
1.1903145498601329	2.3736477827122884
1.1903145498601329	2.548180707911721
1.1903145498601329	2.722713633111154
1.1903145498601329	2.897246558310587
1.1903145498601329	3.385938748868999
1.1903145498601329	5.061454830783556
1.1903145498601329	5.1312680008633285
1.1903145498601329	5.305800926062762
1.1903145498601329	5.480333851262195
1.1903145498601329	5.654866776461628
1.1903145498601329	5.82939970166106
1.1903145498601329	6.003932626860494
1.1903145498601329	6.03883921190038
1.1903145498601329	6.073745796940266
1.1903145498601329	6.1086523819801535
1.1903145498601329	6.14355896702004
1.1903145498601329	6.178465552059927
1.1903145498601329	6.188937527571893
1.1903145498601329	6.199409503083858
1.1903145498601329	6.2098814785958245
1.1903145498601329	6.22035345410779
1.1903145498601329	6.230825429619756
1.1903145498601329	6.241297405131723
1.1903145498601329	6.2517693806436885
1.1903145498601329	6.262241356155655
1.1903145498601329	6.27271333166762
1.2007865253720986	0.0
1.2007865253720986	0.010471975511965976
1.2007865253720986	0.020943951023931952
1.2007865253720986	0.031415926535897934
1.2007865253720986	0.041887902047863905
1.2007865253720986	0.05235987755982989
1.2007865253720986	0.06283185307179587
1.2007865253720986	0.07330382858376185
1.2007865253720986	0.08377580409572781
1.2007865253720986	0.0942477796076938
1.2007865253720986	0.10471975511965978
1.2007865253720986	0.13962634015954636
1.2007865253720986	0.17453292519943295
1.2007865253720986	0.20943951023931956
1.2007865253720986	0.24434609527920614
1.2007865253720986	0.2792526803190927
1.2007865253720986	0.4537856055185257
1.2007865253720986	0.6283185307179586
1.2007865253720986	0.8028514559173916
1.2007865253720986	0.9773843811168246
1.2007865253720986	1.1519173063162575
1.2007865253720986	2.3736477827122884
1.2007865253720986	2.548180707911721
1.2007865253720986	2.722713633111154
1.2007865253720986	2.897246558310587
1.2007865253720986	3.385938748868999
1.2007865253720986	5.061454830783556
1.2007865253720986	5.1312680008633285
1.2007865253720986	5.305800926062762
1.2007865253720986	5.480333851262195
1.2007865253720986	5.654866776461628
1.2007865253720986	5.82939970166106
1.2007865253720986	6.003932626860494
1.2007865253720986	6.03883921190038
1.2007865253720986	6.073745796940266
1.2007865253720986	6.1086523819801535
1.2007865253720986	6.14355896702004
1.2007865253720986	6.178465552059927
1.2007865253720986	6.188937527571893
1.2007865253720986	6.199409503083858
1.2007865253720986	6.2098814785958245
1.2007865253720986	6.22035345410779
1.2007865253720986	6.230825429619756
1.2007865253720986	6.241297405131723
1.2007865253720986	6.2517693806436885
1.2007865253720986	6.262241356155655
1.2007865253720986	6.27271333166762
1.2112585008840648	0.0
1.2112585008840648	0.010471975511965976
1.2112585008840648	0.020943951023931952
1.2112585008840648	0.031415926535897934
1.2112585008840648	0.041887902047863905
1.2112585008840648	0.05235987755982989
1.2112585008840648	0.06283185307179587
1.2112585008840648	0.07330382858376185
1.2112585008840648	0.08377580409572781
1.2112585008840648	0.0942477796076938
1.2112585008840648	0.10471975511965978
1.2112585008840648	0.13962634015954636
1.2112585008840648	0.17453292519943295
1.2112585008840648	0.20943951023931956
1.2112585008840648	0.24434609527920614
1.2112585008840648	0.2792526803190927
1.2112585008840648	0.4537856055185257
1.2112585008840648	0.6283185307179586
1.2112585008840648	0.8028514559173916
1.2112585008840648	0.9773843811168246
1.2112585008840648	1.1519173063162575
1.2112585008840648	2.3736477827122884
1.2112585008840648	2.548180707911721
1.2112585008840648	2.722713633111154
1.2112585008840648	2.897246558310587
1.2112585008840648	3.385938748868999
1.2112585008840648	5.061454830783556
1.2112585008840648	5.1312680008633285
1.2112585008840648	5.305800926062762
1.2112585008840648	5.480333851262195
1.2112585008840648	5.654866776461628
1.2112585008840648	5.82939970166106
1.2112585008840648	6.003932626860494
1.2112585008840648	6.03883921190038
1.2112585008840648	6.073745796940266
1.2112585008840648	6.1086523819801535
1.2112585008840648	6.14355896702004
1.2112585008840648	6.178465552059927
1.2112585008840648	6.188937527571893
1.2112585008840648	6.199409503083858
1.2112585008840648	6.2098814785958245
1.2112585008840648	6.22035345410779
1.2112585008840648	6.230825429619756
1.2112585008840648	6.241297405131723
1.2112585008840648	6.2517693806436885
1.2112585008840648	6.262241356155655
1.2112585008840648	6.27271333166762
1.2217304763960306	0.0
1.2217304763960306	0.010471975511965976
1.2217304763960306	0.020943951023931952
1.2217304763960306	0.031415926535897934
1.2217304763960306	0.041887902047863905
1.2217304763960306	0.05235987755982989
1.2217304763960306	0.06283185307179587
1.2217304763960306	0.07330382858376185
1.2217304763960306	0.08377580409572781
1.2217304763960306	0.0942477796076938
1.2217304763960306	0.10471975511965978
1.2217304763960306	0.13962634015954636
1.2217304763960306	0.17453292519943295
1.2217304763960306	0.20943951023931956
1.2217304763960306	0.24434609527920614
1.2217304763960306	0.2792526803190927
1.2217304763960306	0.4537856055185257
1.2217304763960306	0.6283185307179586
1.2217304763960306	0.8028514559173916
1.2217304763960306	0.9773843811168246
1.2217304763960306	1.1519173063162575
1.2217304763960306	2.3736477827122884
1.2217304763960306	2.548180707911721
1.2217304763960306	2.722713633111154
1.2217304763960306	2.897246558310587
1.2217304763960306	3.385938748868999
1.2217304763960306	5.061454830783556
1.2217304763960306	5.1312680008633285
1.2217304763960306	5.305800926062762
1.2217304763960306	5.480333851262195
1.2217304763960306	5.654866776461628
1.2217304763960306	5.82939970166106
1.2217304763960306	6.003932626860494
1.2217304763960306	6.03883921190038
1.2217304763960306	6.073745796940266
1.2217304763960306	6.1086523819801535
1.2217304763960306	6.14355896702004
1.2217304763960306	6.178465552059927
1.2217304763960306	6.188937527571893
1.2217304763960306	6.199409503083858
1.2217304763960306	6.2098814785958245
1.2217304763960306	6.22035345410779
1.2217304763960306	6.230825429619756
1.2217304763960306	6.241297405131723
1.2217304763960306	6.2517693806436885
1.2217304763960306	6.262241356155655
1.2217304763960306	6.27271333166762
1.2322024519079966	0.0
1.2322024519079966	0.010471975511965976
1.2322024519079966	0.020943951023931952
1.2322024519079966	0.031415926535897934
1.2322024519079966	0.041887902047863905
1.2322024519079966	0.05235987755982989
1.2322024519079966	0.06283185307179587
1.2322024519079966	0.07330382858376185
1.2322024519079966	0.08377580409572781
1.2322024519079966	0.0942477796076938
1.2322024519079966	0.10471975511965978
1.2322024519079966	0.13962634015954636
1.2322024519079966	0.17453292519943295
1.2322024519079966	0.20943951023931956
1.2322024519079966	0.24434609527920614
1.2322024519079966	0.2792526803190927
1.2322024519079966	0.4537856055185257
1.2322024519079966	0.6283185307179586
1.2322024519079966	0.8028514559173916
1.2322024519079966	0.9773843811168246
1.2322024519079966	1.1519173063162575
1.2322024519079966	2.3736477827122884
1.2322024519079966	2.548180707911721
1.2322024519079966	2.722713633111154
1.2322024519079966	2.897246558310587
1.2322024519079966	3.385938748868999
1.2322024519079966	5.061454830783556
1.2322024519079966	5.1312680008633285
1.2322024519079966	5.305800926062762
1.2322024519079966	5.480333851262195
1.2322024519079966	5.654866776461628
1.2322024519079966	5.82939970166106
1.2322024519079966	6.003932626860494
1.2322024519079966	6.03883921190038
1.2322024519079966	6.073745796940266
1.2322024519079966	6.1086523819801535
1.2322024519079966	6.14355896702004
1.2322024519079966	6.178465552059927
1.2322024519079966	6.188937527571893
1.2322024519079966	6.199409503083858
1.2322024519079966	6.2098814785958245
1.2322024519079966	6.22035345410779
1.2322024519079966	6.230825429619756
1.2322024519079966	6.241297405131723
1.2322024519079966	6.2517693806436885
1.2322024519079966	6.262241356155655
1.2322024519079966	6.27271333166762
1.2426744274199626	0.0
1.2426744274199626	0.010471975511965976
1.2426744274199626	0.020943951023931952
1.2426744274199626	0.031415926535897934
1.2426744274199626	0.041887902047863905
1.2426744274199626	0.05235987755982989
1.2426744274199626	0.06283185307179587
1.2426744274199626	0.07330382858376185
1.2426744274199626	0.08377580409572781
1.2426744274199626	0.0942477796076938
1.2426744274199626	0.10471975511965978
1.2426744274199626	0.13962634015954636
1.2426744274199626	0.17453292519943295
1.2426744274199626	0.20943951023931956
1.2426744274199626	0.24434609527920614
1.2426744274199626	0.2792526803190927
1.2426744274199626	0.4537856055185257
1.2426744274199626	0.6283185307179586
1.2426744274199626	0.8028514559173916
1.2426744274199626	0.9773843811168246
1.2426744274199626	1.1519173063162575
1.2426744274199626	2.3736477827122884
1.2426744274199626	2.548180707911721
1.2426744274199626	2.722713633111154
1.2426744274199626	2.897246558310587
1.2426744274199626	3.385938748868999
1.2426744274199626	5.061454830783556
1.2426744274199626	5.1312680008633285
1.2426744274199626	5.305800926062762
1.2426744274199626	5.480333851262195
1.2426744274199626	5.654866776461628
1.2426744274199626	5.82939970166106
1.2426744274199626	6.003932626860494
1.2426744274199626	6.03883921190038
1.2426744274199626	6.073745796940266
1.2426744274199626	6.1086523819801535
1.2426744274199626	6.14355896702004
1.2426744274199626	6.178465552059927
1.2426744274199626	6.188937527571893
1.2426744274199626	6.199409503083858
1.2426744274199626	6.2098814785958245
1.2426744274199626	6.22035345410779
1.2426744274199626	6.230825429619756
1.2426744274199626	6.241297405131723
1.2426744274199626	6.2517693806436885
1.2426744274199626	6.262241356155655
1.2426744274199626	6.27271333166762
1.2531464029319286	0.0
1.2531464029319286	0.010471975511965976
1.2531464029319286	0.020943951023931952
1.2531464029319286	0.031415926535897934
1.2531464029319286	0.041887902047863905
1.2531464029319286	0.05235987755982989
1.2531464029319286	0.06283185307179587
1.2531464029319286	0.07330382858376185
1.2531464029319286	0.08377580409572781
1.2531464029319286	0.0942477796076938
1.2531464029319286	0.10471975511965978
1.2531464029319286	0.13962634015954636
1.2531464029319286	0.17453292519943295
1.2531464029319286	0.20943951023931956
1.2531464029319286	0.24434609527920614
1.2531464029319286	0.2792526803190927
1.2531464029319286	0.4537856055185257
1.2531464029319286	0.6283185307179586
1.2531464029319286	0.8028514559173916
1.2531464029319286	0.9773843811168246
1.2531464029319286	1.1519173063162575
1.2531464029319286	2.3736477827122884
1.2531464029319286	2.548180707911721
1.2531464029319286	2.722713633111154
1.2531464029319286	2.897246558310587
1.2531464029319286	3.385938748868999
1.2531464029319286	5.061454830783556
1.2531464029319286	5.1312680008633285
1.2531464029319286	5.305800926062762
1.2531464029319286	5.480333851262195
1.2531464029319286	5.654866776461628
1.2531464029319286	5.82939970166106
1.2531464029319286	6.003932626860494
1.2531464029319286	6.03883921190038
1.2531464029319286	6.073745796940266
1.2531464029319286	6.1086523819801535
1.2531464029319286	6.14355896702004
1.2531464029319286	6.178465552059927
1.2531464029319286	6.188937527571893
1.2531464029319286	6.199409503083858
1.2531464029319286	6.2098814785958245
1.2531464029319286	6.22035345410779
1.2531464029319286	6.230825429619756
1.2531464029319286	6.241297405131723
1.2531464029319286	6.2517693806436885
1.2531464029319286	6.262241356155655
1.2531464029319286	6.27271333166762
1.2636183784438948	0.0
1.2636183784438948	0.010471975511965976
1.2636183784438948	0.020943951023931952
1.2636183784438948	0.031415926535897934
1.2636183784438948	0.041887902047863905
1.2636183784438948	0.05235987755982989
1.2636183784438948	0.06283185307179587
1.2636183784438948	0.07330382858376185
1.2636183784438948	0.08377580409572781
1.2636183784438948	0.0942477796076938
1.2636183784438948	0.10471975511965978
1.2636183784438948	0.13962634015954636
1.2636183784438948	0.17453292519943295
1.2636183784438948	0.20943951023931956
1.2636183784438948	0.24434609527920614
1.2636183784438948	0.2792526803190927
1.2636183784438948	0.4537856055185257
1.2636183784438948	0.6283185307179586
1.2636183784438948	0.8028514559173916
1.2636183784438948	0.9773843811168246
1.2636183784438948	1.1519173063162575
1.2636183784438948	2.3736477827122884
1.2636183784438948	2.548180707911721
1.2636183784438948	2.722713633111154
1.2636183784438948	2.897246558310587
1.2636183784438948	3.07177948351002
1.2636183784438948	3.141592653589793
1.2636183784438948	3.2114058236695664
1.2636183784438948	3.385938748868999
1.2636183784438948	5.061454830783556
1.2636183784438948	5.1312680008633285
1.2636183784438948	5.305800926062762
1.2636183784438948	5.480333851262195
1.2636183784438948	5.654866776461628
1.2636183784438948	5.82939970166106
1.2636183784438948	6.003932626860494
1.2636183784438948	6.03883921190038
1.2636183784438948	6.073745796940266
1.2636183784438948	6.1086523819801535
1.2636183784438948	6.14355896702004
1.2636183784438948	6.178465552059927
1.2636183784438948	6.188937527571893
1.2636183784438948	6.199409503083858
1.2636183784438948	6.2098814785958245
1.2636183784438948	6.22035345410779
1.2636183784438948	6.230825429619756
1.2636183784438948	6.241297405131723
1.2636183784438948	6.2517693806436885
1.2636183784438948	6.262241356155655
1.2636183784438948	6.27271333166762
1.2740903539558606	0.0
1.2740903539558606	0.010471975511965976
1.2740903539558606	0.020943951023931952
1.2740903539558606	0.031415926535897934
1.2740903539558606	0.041887902047863905
1.2740903539558606	0.05235987755982989
1.2740903539558606	0.06283185307179587
1.2740903539558606	0.07330382858376185
1.2740903539558606	0.08377580409572781
1.2740903539558606	0.0942477796076938
1.2740903539558606	0.10471975511965978
1.2740903539558606	0.13962634015954636
1.2740903539558606	0.17453292519943295
1.2740903539558606	0.20943951023931956
1.2740903539558606	0.24434609527920614
1.2740903539558606	0.2792526803190927
1.2740903539558606	0.4537856055185257
1.2740903539558606	0.6283185307179586
1.2740903539558606	0.8028514559173916
1.2740903539558606	0.9773843811168246
1.2740903539558606	1.1519173063162575
1.2740903539558606	2.3736477827122884
1.2740903539558606	2.548180707911721
1.2740903539558606	2.722713633111154
1.2740903539558606	2.897246558310587
1.2740903539558606	3.07177948351002
1.2740903539558606	3.141592653589793
1.2740903539558606	3.2114058236695664
1.2740903539558606	3.385938748868999
1.2740903539558606	5.061454830783556
1.2740903539558606	5.1312680008633285
1.2740903539558606	5.305800926062762
1.2740903539558606	5.480333851262195
1.2740903539558606	5.654866776461628
1.2740903539558606	5.82939970166106
1.2740903539558606	6.003932626860494
1.2740903539558606	6.03883921190038
1.2740903539558606	6.073745796940266
1.2740903539558606	6.1086523819801535
1.2740903539558606	6.14355896702004
1.2740903539558606	6.178465552059927
1.2740903539558606	6.188937527571893
1.2740903539558606	6.199409503083858
1.2740903539558606	6.2098814785958245
1.2740903539558606	6.22035345410779
1.2740903539558606	6.230825429619756
1.2740903539558606	6.241297405131723
1.2740903539558606	6.2517693806436885
1.2740903539558606	6.262241356155655
1.2740903539558606	6.27271333166762
1.2845623294678266	0.0
1.2845623294678266	0.010471975511965976
1.2845623294678266	0.020943951023931952
1.2845623294678266	0.031415926535897934
1.2845623294678266	0.041887902047863905
1.2845623294678266	0.05235987755982989
1.2845623294678266	0.06283185307179587
1.2845623294678266	0.07330382858376185
1.2845623294678266	0.08377580409572781
1.2845623294678266	0.0942477796076938
1.2845623294678266	0.10471975511965978
1.2845623294678266	0.13962634015954636
1.2845623294678266	0.17453292519943295
1.2845623294678266	0.20943951023931956
1.2845623294678266	0.24434609527920614
1.2845623294678266	0.2792526803190927
1.2845623294678266	0.4537856055185257
1.2845623294678266	0.6283185307179586
1.2845623294678266	0.8028514559173916
1.2845623294678266	0.9773843811168246
1.2845623294678266	1.1519173063162575
1.2845623294678266	2.3736477827122884
1.2845623294678266	2.548180707911721
1.2845623294678266	2.722713633111154
1.2845623294678266	2.897246558310587
1.2845623294678266	3.07177948351002
1.2845623294678266	3.141592653589793
1.2845623294678266	3.2114058236695664
1.2845623294678266	3.385938748868999
1.2845623294678266	5.061454830783556
1.2845623294678266	5.1312680008633285
1.2845623294678266	5.305800926062762
1.2845623294678266	5.480333851262195
1.2845623294678266	5.654866776461628
1.2845623294678266	5.82939970166106
1.2845623294678266	6.003932626860494
1.2845623294678266	6.03883921190038
1.2845623294678266	6.073745796940266
1.2845623294678266	6.1086523819801535
1.2845623294678266	6.14355896702004
1.2845623294678266	6.178465552059927
1.2845623294678266	6.188937527571893
1.2845623294678266	6.199409503083858
1.2845623294678266	6.2098814785958245
1.2845623294678266	6.22035345410779
1.2845623294678266	6.230825429619756
1.2845623294678266	6.241297405131723
1.2845623294678266	6.2517693806436885
1.2845623294678266	6.262241356155655
1.2845623294678266	6.27271333166762
1.2950343049797925	0.0
1.2950343049797925	0.010471975511965976
1.2950343049797925	0.020943951023931952
1.2950343049797925	0.031415926535897934
1.2950343049797925	0.041887902047863905
1.2950343049797925	0.05235987755982989
1.2950343049797925	0.06283185307179587
1.2950343049797925	0.07330382858376185
1.2950343049797925	0.08377580409572781
1.2950343049797925	0.0942477796076938
1.2950343049797925	0.10471975511965978
1.2950343049797925	0.13962634015954636
1.2950343049797925	0.17453292519943295
1.2950343049797925	0.20943951023931956
1.2950343049797925	0.24434609527920614
1.2950343049797925	0.2792526803190927
1.2950343049797925	0.4537856055185257
1.2950343049797925	0.6283185307179586
1.2950343049797925	0.8028514559173916
1.2950343049797925	0.9773843811168246
1.2950343049797925	1.1519173063162575
1.2950343049797925	2.3736477827122884
1.2950343049797925	2.548180707911721
1.2950343049797925	2.722713633111154
1.2950343049797925	2.897246558310587
1.2950343049797925	3.07177948351002
1.2950343049797925	3.141592653589793
1.2950343049797925	3.2114058236695664
1.2950343049797925	3.385938748868999
1.2950343049797925	5.061454830783556
1.2950343049797925	5.1312680008633285
1.2950343049797925	5.305800926062762
1.2950343049797925	5.480333851262195
1.2950343049797925	5.654866776461628
1.2950343049797925	5.82939970166106
1.2950343049797925	6.003932626860494
1.2950343049797925	6.03883921190038
1.2950343049797925	6.073745796940266
1.2950343049797925	6.1086523819801535
1.2950343049797925	6.14355896702004
1.2950343049797925	6.178465552059927
1.2950343049797925	6.188937527571893
1.2950343049797925	6.199409503083858
1.2950343049797925	6.2098814785958245
1.2950343049797925	6.22035345410779
1.2950343049797925	6.230825429619756
1.2950343049797925	6.241297405131723
1.2950343049797925	6.2517693806436885
1.2950343049797925	6.262241356155655
1.2950343049797925	6.27271333166762
1.3055062804917585	0.0
1.3055062804917585	0.010471975511965976
1.3055062804917585	0.020943951023931952
1.3055062804917585	0.031415926535897934
1.3055062804917585	0.041887902047863905
1.3055062804917585	0.05235987755982989
1.3055062804917585	0.06283185307179587
1.3055062804917585	0.07330382858376185
1.3055062804917585	0.08377580409572781
1.3055062804917585	0.0942477796076938
1.3055062804917585	0.10471975511965978
1.3055062804917585	0.13962634015954636
1.3055062804917585	0.17453292519943295
1.3055062804917585	0.20943951023931956
1.3055062804917585	0.24434609527920614
1.3055062804917585	0.2792526803190927
1.3055062804917585	0.4537856055185257
1.3055062804917585	0.6283185307179586
1.3055062804917585	0.8028514559173916
1.3055062804917585	0.9773843811168246
1.3055062804917585	1.1519173063162575
1.3055062804917585	2.3736477827122884
1.3055062804917585	2.548180707911721
1.3055062804917585	2.722713633111154
1.3055062804917585	2.897246558310587
1.3055062804917585	3.07177948351002
1.3055062804917585	3.141592653589793
1.3055062804917585	3.2114058236695664
1.3055062804917585	3.385938748868999
1.3055062804917585	5.061454830783556
1.3055062804917585	5.1312680008633285
1.3055062804917585	5.305800926062762
1.3055062804917585	5.480333851262195
1.3055062804917585	5.654866776461628
1.3055062804917585	5.82939970166106
1.3055062804917585	6.003932626860494
1.3055062804917585	6.03883921190038
1.3055062804917585	6.073745796940266
1.3055062804917585	6.1086523819801535
1.3055062804917585	6.14355896702004
1.3055062804917585	6.178465552059927
1.3055062804917585	6.188937527571893
1.3055062804917585	6.199409503083858
1.3055062804917585	6.2098814785958245
1.3055062804917585	6.22035345410779
1.3055062804917585	6.230825429619756
1.3055062804917585	6.241297405131723
1.3055062804917585	6.2517693806436885
1.3055062804917585	6.262241356155655
1.3055062804917585	6.27271333166762
1.3159782560037245	0.0
1.3159782560037245	0.010471975511965976
1.3159782560037245	0.020943951023931952
1.3159782560037245	0.031415926535897934
1.3159782560037245	0.041887902047863905
1.3159782560037245	0.05235987755982989
1.3159782560037245	0.06283185307179587
1.3159782560037245	0.07330382858376185
1.3159782560037245	0.08377580409572781
1.3159782560037245	0.0942477796076938
1.3159782560037245	0.10471975511965978
1.3159782560037245	0.13962634015954636
1.3159782560037245	0.17453292519943295
1.3159782560037245	0.20943951023931956
1.3159782560037245	0.24434609527920614
1.3159782560037245	0.2792526803190927
1.3159782560037245	0.4537856055185257
1.3159782560037245	0.6283185307179586
1.3159782560037245	0.8028514559173916
1.3159782560037245	0.9773843811168246
1.3159782560037245	2.3736477827122884
1.3159782560037245	2.548180707911721
1.3159782560037245	2.722713633111154
1.3159782560037245	2.897246558310587
1.3159782560037245	3.07177948351002
1.3159782560037245	3.141592653589793
1.3159782560037245	3.2114058236695664
1.3159782560037245	3.385938748868999
1.3159782560037245	5.305800926062762
1.3159782560037245	5.480333851262195
1.3159782560037245	5.654866776461628
1.3159782560037245	5.82939970166106
1.3159782560037245	6.003932626860494
1.3159782560037245	6.03883921190038
1.3159782560037245	6.073745796940266
1.3159782560037245	6.1086523819801535
1.3159782560037245	6.14355896702004
1.3159782560037245	6.178465552059927
1.3159782560037245	6.188937527571893
1.3159782560037245	6.199409503083858
1.3159782560037245	6.2098814785958245
1.3159782560037245	6.22035345410779
1.3159782560037245	6.230825429619756
1.3159782560037245	6.241297405131723
1.3159782560037245	6.2517693806436885
1.3159782560037245	6.262241356155655
1.3159782560037245	6.27271333166762
1.3264502315156905	0.0
1.3264502315156905	0.010471975511965976
1.3264502315156905	0.020943951023931952
1.3264502315156905	0.031415926535897934
1.3264502315156905	0.041887902047863905
1.3264502315156905	0.05235987755982989
1.3264502315156905	0.06283185307179587
1.3264502315156905	0.07330382858376185
1.3264502315156905	0.08377580409572781
1.3264502315156905	0.0942477796076938
1.3264502315156905	0.10471975511965978
1.3264502315156905	0.13962634015954636
1.3264502315156905	0.17453292519943295
1.3264502315156905	0.20943951023931956
1.3264502315156905	0.24434609527920614
1.3264502315156905	0.2792526803190927
1.3264502315156905	0.4537856055185257
1.3264502315156905	0.6283185307179586
1.3264502315156905	0.8028514559173916
1.3264502315156905	0.9773843811168246
1.3264502315156905	2.3736477827122884
1.3264502315156905	2.548180707911721
1.3264502315156905	2.722713633111154
1.3264502315156905	2.897246558310587
1.3264502315156905	3.07177948351002
1.3264502315156905	3.141592653589793
1.3264502315156905	3.2114058236695664
1.3264502315156905	3.385938748868999
1.3264502315156905	5.305800926062762
1.3264502315156905	5.480333851262195
1.3264502315156905	5.654866776461628
1.3264502315156905	5.82939970166106
1.3264502315156905	6.003932626860494
1.3264502315156905	6.03883921190038
1.3264502315156905	6.073745796940266
1.3264502315156905	6.1086523819801535
1.3264502315156905	6.14355896702004
1.3264502315156905	6.178465552059927
1.3264502315156905	6.188937527571893
1.3264502315156905	6.199409503083858
1.3264502315156905	6.2098814785958245
1.3264502315156905	6.22035345410779
1.3264502315156905	6.230825429619756
1.3264502315156905	6.241297405131723
1.3264502315156905	6.2517693806436885
1.3264502315156905	6.262241356155655
1.3264502315156905	6.27271333166762
1.361356816555577	0.0
1.361356816555577	0.010471975511965976
1.361356816555577	0.020943951023931952
1.361356816555577	0.031415926535897934
1.361356816555577	0.041887902047863905
1.361356816555577	0.05235987755982989
1.361356816555577	0.06283185307179587
1.361356816555577	0.07330382858376185
1.361356816555577	0.08377580409572781
1.361356816555577	0.0942477796076938
1.361356816555577	0.10471975511965978
1.361356816555577	0.13962634015954636
1.361356816555577	0.17453292519943295
1.361356816555577	0.20943951023931956
1.361356816555577	0.24434609527920614
1.361356816555577	0.2792526803190927
1.361356816555577	0.4537856055185257
1.361356816555577	0.6283185307179586
1.361356816555577	0.8028514559173916
1.361356816555577	0.9773843811168246
1.361356816555577	2.3736477827122884
1.361356816555577	2.548180707911721
1.361356816555577	2.722713633111154
1.361356816555577	2.897246558310587
1.361356816555577	3.07177948351002
1.361356816555577	3.141592653589793
1.361356816555577	3.2114058236695664
1.361356816555577	3.385938748868999
1.361356816555577	5.305800926062762
1.361356816555577	5.480333851262195
1.361356816555577	5.654866776461628
1.361356816555577	5.82939970166106
1.361356816555577	6.003932626860494
1.361356816555577	6.03883921190038
1.361356816555577	6.073745796940266
1.361356816555577	6.1086523819801535
1.361356816555577	6.14355896702004
1.361356816555577	6.178465552059927
1.361356816555577	6.188937527571893
1.361356816555577	6.199409503083858
1.361356816555577	6.2098814785958245
1.361356816555577	6.22035345410779
1.361356816555577	6.230825429619756
1.361356816555577	6.241297405131723
1.361356816555577	6.2517693806436885
1.361356816555577	6.262241356155655
1.361356816555577	6.27271333166762
1.3962634015954636	0.0
1.3962634015954636	0.010471975511965976
1.3962634015954636	0.020943951023931952
1.3962634015954636	0.031415926535897934
1.3962634015954636	0.041887902047863905
1.3962634015954636	0.05235987755982989
1.3962634015954636	0.06283185307179587
1.3962634015954636	0.07330382858376185
1.3962634015954636	0.08377580409572781
1.3962634015954636	0.0942477796076938
1.3962634015954636	0.10471975511965978
1.3962634015954636	0.13962634015954636
1.3962634015954636	0.17453292519943295
1.3962634015954636	0.20943951023931956
1.3962634015954636	0.24434609527920614
1.3962634015954636	0.2792526803190927
1.3962634015954636	0.4537856055185257
1.3962634015954636	0.6283185307179586
1.3962634015954636	0.8028514559173916
1.3962634015954636	0.9773843811168246
1.3962634015954636	2.3736477827122884
1.3962634015954636	2.548180707911721
1.3962634015954636	2.722713633111154
1.3962634015954636	2.897246558310587
1.3962634015954636	3.07177948351002
1.3962634015954636	3.141592653589793
1.3962634015954636	3.2114058236695664
1.3962634015954636	3.385938748868999
1.3962634015954636	5.305800926062762
1.3962634015954636	5.480333851262195
1.3962634015954636	5.654866776461628
1.3962634015954636	5.82939970166106
1.3962634015954636	6.003932626860494
1.3962634015954636	6.03883921190038
1.3962634015954636	6.073745796940266
1.3962634015954636	6.1086523819801535
1.3962634015954636	6.14355896702004
1.3962634015954636	6.178465552059927
1.3962634015954636	6.188937527571893
1.3962634015954636	6.199409503083858
1.3962634015954636	6.2098814785958245
1.3962634015954636	6.22035345410779
1.3962634015954636	6.230825429619756
1.3962634015954636	6.241297405131723
1.3962634015954636	6.2517693806436885
1.3962634015954636	6.262241356155655
1.3962634015954636	6.27271333166762
1.4311699866353502	0.0
1.4311699866353502	0.010471975511965976
1.4311699866353502	0.020943951023931952
1.4311699866353502	0.031415926535897934
1.4311699866353502	0.041887902047863905
1.4311699866353502	0.05235987755982989
1.4311699866353502	0.06283185307179587
1.4311699866353502	0.07330382858376185
1.4311699866353502	0.08377580409572781
1.4311699866353502	0.0942477796076938
1.4311699866353502	0.10471975511965978
1.4311699866353502	0.13962634015954636
1.4311699866353502	0.17453292519943295
1.4311699866353502	0.20943951023931956
1.4311699866353502	0.24434609527920614
1.4311699866353502	0.2792526803190927
1.4311699866353502	0.4537856055185257
1.4311699866353502	0.6283185307179586
1.4311699866353502	0.8028514559173916
1.4311699866353502	0.9773843811168246
1.4311699866353502	2.3736477827122884
1.4311699866353502	2.548180707911721
1.4311699866353502	2.722713633111154
1.4311699866353502	2.897246558310587
1.4311699866353502	3.07177948351002
1.4311699866353502	3.141592653589793
1.4311699866353502	3.2114058236695664
1.4311699866353502	3.385938748868999
1.4311699866353502	3.5604716740684323
1.4311699866353502	3.5779249665883754
1.4311699866353502	5.305800926062762
1.4311699866353502	5.480333851262195
1.4311699866353502	5.654866776461628
1.4311699866353502	5.82939970166106
1.4311699866353502	6.003932626860494
1.4311699866353502	6.03883921190038
1.4311699866353502	6.073745796940266
1.4311699866353502	6.1086523819801535
1.4311699866353502	6.14355896702004
1.4311699866353502	6.178465552059927
1.4311699866353502	6.188937527571893
1.4311699866353502	6.199409503083858
1.4311699866353502	6.2098814785958245
1.4311699866353502	6.22035345410779
1.4311699866353502	6.230825429619756
1.4311699866353502	6.241297405131723
1.4311699866353502	6.2517693806436885
1.4311699866353502	6.262241356155655
1.4311699866353502	6.27271333166762
1.4660765716752369	0.0
1.4660765716752369	0.010471975511965976
1.4660765716752369	0.020943951023931952
1.4660765716752369	0.031415926535897934
1.4660765716752369	0.041887902047863905
1.4660765716752369	0.05235987755982989
1.4660765716752369	0.06283185307179587
1.4660765716752369	0.07330382858376185
1.4660765716752369	0.08377580409572781
1.4660765716752369	0.0942477796076938
1.4660765716752369	0.10471975511965978
1.4660765716752369	0.13962634015954636
1.4660765716752369	0.17453292519943295
1.4660765716752369	0.20943951023931956
1.4660765716752369	0.24434609527920614
1.4660765716752369	0.2792526803190927
1.4660765716752369	0.4537856055185257
1.4660765716752369	0.6283185307179586
1.4660765716752369	0.8028514559173916
1.4660765716752369	0.9773843811168246
1.4660765716752369	2.3736477827122884
1.4660765716752369	2.548180707911721
1.4660765716752369	2.722713633111154
1.4660765716752369	2.897246558310587
1.4660765716752369	3.07177948351002
1.4660765716752369	3.141592653589793
1.4660765716752369	3.2114058236695664
1.4660765716752369	3.385938748868999
1.4660765716752369	3.5604716740684323
1.4660765716752369	3.5779249665883754
1.4660765716752369	5.305800926062762
1.4660765716752369	5.480333851262195
1.4660765716752369	5.654866776461628
1.4660765716752369	5.82939970166106
1.4660765716752369	6.003932626860494
1.4660765716752369	6.03883921190038
1.4660765716752369	6.073745796940266
1.4660765716752369	6.1086523819801535
1.4660765716752369	6.14355896702004
1.4660765716752369	6.178465552059927
1.4660765716752369	6.188937527571893
1.4660765716752369	6.199409503083858
1.4660765716752369	6.2098814785958245
1.4660765716752369	6.22035345410779
1.4660765716752369	6.230825429619756
1.4660765716752369	6.241297405131723
1.4660765716752369	6.2517693806436885
1.4660765716752369	6.262241356155655
1.4660765716752369	6.27271333166762
1.5009831567151235	0.0
1.5009831567151235	0.010471975511965976
1.5009831567151235	0.020943951023931952
1.5009831567151235	0.031415926535897934
1.5009831567151235	0.041887902047863905
1.5009831567151235	0.05235987755982989
1.5009831567151235	0.06283185307179587
1.5009831567151235	0.07330382858376185
1.5009831567151235	0.08377580409572781
1.5009831567151235	0.0942477796076938
1.5009831567151235	0.10471975511965978
1.5009831567151235	0.13962634015954636
1.5009831567151235	0.17453292519943295
1.5009831567151235	0.20943951023931956
1.5009831567151235	0.24434609527920614
1.5009831567151235	0.2792526803190927
1.5009831567151235	0.4537856055185257
1.5009831567151235	0.6283185307179586
1.5009831567151235	0.8028514559173916
1.5009831567151235	2.3736477827122884
1.5009831567151235	2.548180707911721
1.5009831567151235	2.722713633111154
1.5009831567151235	2.897246558310587
1.5009831567151235	3.07177948351002
1.5009831567151235	3.141592653589793
1.5009831567151235	3.2114058236695664
1.5009831567151235	3.385938748868999
1.5009831567151235	3.5604716740684323
1.5009831567151235	3.5779249665883754
1.5009831567151235	5.305800926062762
1.5009831567151235	5.480333851262195
1.5009831567151235	5.654866776461628
1.5009831567151235	5.82939970166106
1.5009831567151235	6.003932626860494
1.5009831567151235	6.03883921190038
1.5009831567151235	6.073745796940266
1.5009831567151235	6.1086523819801535
1.5009831567151235	6.14355896702004
1.5009831567151235	6.178465552059927
1.5009831567151235	6.188937527571893
1.5009831567151235	6.199409503083858
1.5009831567151235	6.2098814785958245
1.5009831567151235	6.22035345410779
1.5009831567151235	6.230825429619756
1.5009831567151235	6.241297405131723
1.5009831567151235	6.2517693806436885
1.5009831567151235	6.262241356155655
1.5009831567151235	6.27271333166762
1.5184364492350666	0.0
1.5184364492350666	0.010471975511965976
1.5184364492350666	0.020943951023931952
1.5184364492350666	0.031415926535897934
1.5184364492350666	0.041887902047863905
1.5184364492350666	0.05235987755982989
1.5184364492350666	0.06283185307179587
1.5184364492350666	0.07330382858376185
1.5184364492350666	0.08377580409572781
1.5184364492350666	0.0942477796076938
1.5184364492350666	0.10471975511965978
1.5184364492350666	0.13962634015954636
1.5184364492350666	0.17453292519943295
1.5184364492350666	0.20943951023931956
1.5184364492350666	0.24434609527920614
1.5184364492350666	0.2792526803190927
1.5184364492350666	0.4537856055185257
1.5184364492350666	0.6283185307179586
1.5184364492350666	0.8028514559173916
1.5184364492350666	2.3736477827122884
1.5184364492350666	2.548180707911721
1.5184364492350666	2.722713633111154
1.5184364492350666	2.897246558310587
1.5184364492350666	3.07177948351002
1.5184364492350666	3.141592653589793
1.5184364492350666	3.2114058236695664
1.5184364492350666	3.385938748868999
1.5184364492350666	3.5604716740684323
1.5184364492350666	3.5779249665883754
1.5184364492350666	5.305800926062762
1.5184364492350666	5.480333851262195
1.5184364492350666	5.654866776461628
1.5184364492350666	5.82939970166106
1.5184364492350666	6.003932626860494
1.5184364492350666	6.03883921190038
1.5184364492350666	6.073745796940266
1.5184364492350666	6.1086523819801535
1.5184364492350666	6.14355896702004
1.5184364492350666	6.178465552059927
1.5184364492350666	6.188937527571893
1.5184364492350666	6.199409503083858
1.5184364492350666	6.2098814785958245
1.5184364492350666	6.22035345410779
1.5184364492350666	6.230825429619756
1.5184364492350666	6.241297405131723
1.5184364492350666	6.2517693806436885
1.5184364492350666	6.262241356155655
1.5184364492350666	6.27271333166762
